1 3
2 1
3 4
4 1
5 5
6 9
7 2
8 6
9 5
10 3
11 5
12 8
13 9
14 7
15 9
16 3
17 2
18 3
19 8
20 4
21 6
22 2
23 6
24 4
25 3
26 3
27 8
28 3
29 2
30 7
31 9
32 5
33 0
34 2
35 8
36 8
37 4
38 1
39 9
40 7
41 1
42 6
43 9
44 3
45 9
46 9
47 3
48 7
49 5
50 1
51 0
52 5
53 8
54 2
55 0
56 9
57 7
58 4
59 9
60 4
61 4
62 5
63 9
64 2
65 3
66 0
67 7
68 8
69 1
70 6
71 4
72 0
73 6
74 2
75 8
76 6
77 2
78 0
79 8
80 9
81 9
82 8
83 6
84 2
85 8
86 0
87 3
88 4
89 8
90 2
91 5
92 3
93 4
94 2
95 1
96 1
97 7
98 0
99 6
100 7
101 9
102 8
103 2
104 1
105 4
106 8
107 0
108 8
109 6
110 5
111 1
112 3
113 2
114 8
115 2
116 3
117 0
118 6
119 6
120 4
121 7
122 0
123 9
124 3
125 8
126 4
127 4
128 6
129 0
130 9
131 5
132 5
133 0
134 5
135 8
136 2
137 2
138 3
139 1
140 7
141 2
142 5
143 3
144 5
145 9
146 4
147 0
148 8
149 1
150 2
151 8
152 4
153 8
154 1
155 1
156 1
157 7
158 4
159 5
160 0
161 2
162 8
163 4
164 1
165 0
166 2
167 7
168 0
169 1
170 9
171 3
172 8
173 5
174 2
175 1
176 1
177 0
178 5
179 5
180 5
181 9
182 6
183 4
184 4
185 6
186 2
187 2
188 9
189 4
190 8
191 9
192 5
193 4
194 9
195 3
196 0
197 3
198 8
199 1
200 9
201 6
202 4
203 4
204 2
205 8
206 8
207 1
208 0
209 9
210 7
211 5
212 6
213 6
214 5
215 9
216 3
217 3
218 4
219 4
220 6
221 1
222 2
223 8
224 4
225 7
226 5
227 6
228 4
229 8
230 2
231 3
232 3
233 7
234 8
235 6
236 7
237 8
238 3
239 1
240 6
241 5
242 2
243 7
244 1
245 2
246 0
247 1
248 9
249 0
250 9
251 1
252 4
253 5
254 6
255 4
256 8
257 5
258 6
259 6
260 9
261 2
262 3
263 4
264 6
265 0
266 3
267 4
268 8
269 6
270 1
271 0
272 4
273 5
274 4
275 3
276 2
277 6
278 6
279 4
280 8
281 2
282 1
283 3
284 3
285 9
286 3
287 6
288 0
289 7
290 2
291 6
292 0
293 2
294 4
295 9
296 1
297 4
298 1
299 2
300 7
301 3
302 7
303 2
304 4
305 5
306 8
307 7
308 0
309 0
310 6
311 6
312 0
313 6
314 3
315 1
316 5
317 5
318 8
319 8
320 1
321 7
322 4
323 8
324 8
325 1
326 5
327 2
328 0
329 9
330 2
331 0
332 9
333 6
334 2
335 8
336 2
337 9
338 2
339 5
340 4
341 0
342 9
343 1
344 7
345 1
346 5
347 3
348 6
349 4
350 3
351 6
352 7
353 8
354 9
355 2
356 5
357 9
358 0
359 3
360 6
361 0
362 0
363 1
364 1
365 3
366 3
367 0
368 5
369 3
370 0
371 5
372 4
373 8
374 8
375 2
376 0
377 4
378 6
379 6
380 5
381 2
382 1
383 3
384 8
385 4
386 1
387 4
388 6
389 9
390 5
391 1
392 9
393 4
394 1
395 5
396 1
397 1
398 6
399 0
400 9
401 4
402 3
403 3
404 0
405 5
406 7
407 2
408 7
409 0
410 3
411 6
412 5
413 7
414 5
415 9
416 5
417 9
418 1
419 9
420 5
421 3
422 0
423 9
424 2
425 1
426 8
427 6
428 1
429 1
430 7
431 3
432 8
433 1
434 9
435 3
436 2
437 6
438 1
439 1
440 7
441 9
442 3
443 1
444 0
445 5
446 1
447 1
448 8
449 5
450 4
451 8
452 0
453 7
454 4
455 4
456 6
457 2
458 3
459 7
460 9
461 9
462 6
463 2
464 7
465 4
466 9
467 5
468 6
469 7
470 3
471 5
472 1
473 8
474 8
475 5
476 7
477 5
478 2
479 7
480 2
481 4
482 8
483 9
484 1
485 2
486 2
487 7
488 9
489 3
490 8
491 1
492 8
493 3
494 0
495 1
496 1
497 9
498 4
499 9
500 1
501 2
502 9
503 8
504 3
505 3
506 6
507 7
508 3
509 3
510 6
511 2
512 4
513 4
514 0
515 6
516 5
517 6
518 6
519 4
520 3
521 0
522 8
523 6
524 0
525 2
526 1
527 3
528 9
529 4
530 9
531 4
532 6
533 3
534 9
535 5
536 2
537 2
538 4
539 7
540 3
541 7
542 1
543 9
544 0
545 7
546 0
547 2
548 1
549 7
550 9
551 8
552 6
553 0
554 9
555 4
556 3
557 7
558 0
559 2
560 7
561 7
562 0
563 5
564 3
565 9
566 2
567 1
568 7
569 1
570 7
571 6
572 2
573 9
574 3
575 1
576 7
577 6
578 7
579 5
580 2
581 3
582 8
583 4
584 6
585 7
586 4
587 8
588 1
589 8
590 4
591 6
592 7
593 6
594 6
595 9
596 4
597 0
598 5
599 1
600 3
601 2
602 0
603 0
604 0
605 5
606 6
607 8
608 1
609 2
610 7
611 1
612 4
613 5
614 2
615 6
616 3
617 5
618 6
619 0
620 8
621 2
622 7
623 7
624 8
625 5
626 7
627 7
628 1
629 3
630 4
631 2
632 7
633 5
634 7
635 7
636 8
637 9
638 6
639 0
640 9
641 1
642 7
643 3
644 6
645 3
646 7
647 1
648 7
649 8
650 7
651 2
652 1
653 4
654 6
655 8
656 4
657 4
658 0
659 9
660 0
661 1
662 2
663 2
664 4
665 9
666 5
667 3
668 4
669 3
670 0
671 1
672 4
673 6
674 5
675 4
676 9
677 5
678 8
679 5
680 3
681 7
682 1
683 0
684 5
685 0
686 7
687 9
688 2
689 2
690 7
691 9
692 6
693 8
694 9
695 2
696 5
697 8
698 9
699 2
700 3
701 5
702 4
703 2
704 0
705 1
706 9
707 9
708 5
709 6
710 1
711 1
712 2
713 1
714 2
715 9
716 0
717 2
718 1
719 9
720 6
721 0
722 8
723 6
724 4
725 0
726 3
727 4
728 4
729 1
730 8
731 1
732 5
733 9
734 8
735 1
736 3
737 6
738 2
739 9
740 7
741 7
742 4
743 7
744 7
745 1
746 3
747 0
748 9
749 9
750 6
751 0
752 5
753 1
754 8
755 7
756 0
757 7
758 2
759 1
760 1
761 3
762 4
763 9
764 9
765 9
766 9
767 9
768 9
769 8
770 3
771 7
772 2
773 9
774 7
775 8
776 0
777 4
778 9
779 9
780 5
781 1
782 0
783 5
784 9
785 7
786 3
787 1
788 7
789 3
790 2
791 8
792 1
793 6
794 0
795 9
796 6
797 3
798 1
799 8
800 5
801 9
802 5
803 0
804 2
805 4
806 4
807 5
808 9
809 4
810 5
811 5
812 3
813 4
814 6
815 9
816 0
817 8
818 3
819 0
820 2
821 6
822 4
823 2
824 5
825 2
826 2
827 3
828 0
829 8
830 2
831 5
832 3
833 3
834 4
835 4
836 6
837 8
838 5
839 0
840 3
841 5
842 2
843 6
844 1
845 9
846 3
847 1
848 1
849 8
850 8
851 1
852 7
853 1
854 0
855 1
856 0
857 0
858 0
859 3
860 1
861 3
862 7
863 8
864 3
865 8
866 7
867 5
868 2
869 8
870 8
871 6
872 5
873 8
874 7
875 5
876 3
877 3
878 2
879 0
880 8
881 3
882 8
883 1
884 4
885 2
886 0
887 6
888 1
889 7
890 1
891 7
892 7
893 6
894 6
895 9
896 1
897 4
898 7
899 3
900 0
901 3
902 5
903 9
904 8
905 2
906 5
907 3
908 4
909 9
910 0
911 4
912 2
913 8
914 7
915 5
916 5
917 4
918 6
919 8
920 7
921 3
922 1
923 1
924 5
925 9
926 5
927 6
928 2
929 8
930 6
931 3
932 8
933 8
934 2
935 3
936 5
937 3
938 7
939 8
940 7
941 5
942 9
943 3
944 7
945 5
946 1
947 9
948 5
949 7
950 7
951 8
952 1
953 8
954 5
955 7
956 7
957 8
958 0
959 5
960 3
961 2
962 1
963 7
964 1
965 2
966 2
967 6
968 8
969 0
970 6
971 6
972 1
973 3
974 0
975 0
976 1
977 9
978 2
979 7
980 8
981 7
982 6
983 6
984 1
985 1
986 1
987 9
988 5
989 9
990 0
991 9
992 2
993 1
994 6
995 4
996 2
997 0
998 1
999 9
1000 8
